Glia and neuronal cell	Oligodendrocyte	B cell	Pericyte	Endothelial cell	T cell	Myeloid cell
1434x230	0.270965685360728	0.0226114876782161	0.0504317021011579	0.308724003047453	0.281203338726375	0.00816985598993153	0.0578939270961381
1467x230	0.280946838218911	0.026839446530633	0.049109529942981	0.31100445471015	0.258223527102317	0.00772904186167707	0.0661471616333303
1797x230	0.525516669429961	0.0201483739816215	0.0442445996122077	0.196550139766185	0.160022258492529	0.00230622623535474	0.0512117324821409
1830x230	0.522328443061176	0.0192992722306945	0.0566949178964158	0.200694570109886	0.149550084419258	0.00326076398058388	0.0481719483019863
1368x263	0.260068759607274	0.0125515400369576	0.0441403145214509	0.338544747582563	0.272739383158074	0.00224587432817118	0.0697093807655092
1401x263	0.272062075054239	0.01347059271666	0.0495564918726705	0.296002916560692	0.294981468607836	0.00403438799795588	0.0698920671899467
1434x263	0.278817078116285	0.0196730739499247	0.0492438127156515	0.292329083532681	0.296410464271222	0.00568436641546228	0.057842120998774
1467x263	0.276607277648903	0.0222536952505721	0.0495500762046918	0.294957885300323	0.290240551530649	0.00573926637642261	0.0606512476884382
1500x263	0.290432518562897	0.0269628013449685	0.0505639501115434	0.297782373332177	0.260113438419934	0.00532774555490415	0.0688171726735769
1797x263	0.503036144253937	0.0233189485770898	0.0540407573695402	0.178398686129989	0.183452566293848	0.0017061007423942	0.0560467966332009
1830x263	0.481354887356097	0.021509026616881	0.0610324222226896	0.206329946146578	0.182198544501033	0.00311672305230586	0.0444584501044159
1863x263	0.48981022250079	0.0156927689337191	0.0817608140018031	0.176707016936968	0.181851934748951	0.00410953837355317	0.0500677045042154
1368x296	0.22567430489031	0.013113256005407	0.0426945900692899	0.364656161699367	0.284423657623045	0.00241826727568465	0.0670197624368963
1401x296	0.260025991548144	0.0126043958888206	0.0471949593425963	0.314423996549411	0.297805260439903	0.0025373112178745	0.0654080850132508
1434x296	0.265037902032163	0.0174638308082018	0.0451816587787069	0.315865619330954	0.300609596942259	0.00364188952730629	0.0521995025804091
1467x296	0.26900952642143	0.0191170489106432	0.0460481640314436	0.313484598940203	0.295079018814512	0.00393374183182507	0.0533279010499425
1500x296	0.272241953731941	0.0196456979388834	0.0483844076232869	0.311137012890591	0.287339775985087	0.00399377818937263	0.0572573736408387
1533x296	0.280876587218896	0.0200626159483375	0.0497238116100704	0.308462019320419	0.27838398752815	0.00379873104360344	0.0586922473305234
1797x296	0.516103827578689	0.0290655453490271	0.059310012425537	0.164970924981728	0.186366789390986	0.00245827911538241	0.0417246211586512
1830x296	0.519912315630251	0.0256173268106681	0.0747965786111394	0.163172688626289	0.177989243469425	0.00314964072854249	0.0353622061236837
1863x296	0.482356172628866	0.0212570129171226	0.091618926305039	0.164342157151998	0.183319866236281	0.00350683998497417	0.0535990247757192
1896x296	0.412442623232909	0.0245399557040863	0.0638949536090379	0.211148454195864	0.229517115842205	0.00239191835973537	0.0560649790561621
1335x329	0.149592355162068	0.0106416441176503	0.0377210390656435	0.442309926441908	0.31734680202327	0.00225672373725535	0.0401315094522033
1368x329	0.195123173477539	0.0134353489966088	0.036595613245249	0.406583493384157	0.30291963787813	0.00225481042300705	0.0430879225953096
1401x329	0.218360766477331	0.011396444508545	0.0459765864277343	0.363537476288558	0.301033748589995	0.00246052103795772	0.0572344566698789
1434x329	0.236797026567269	0.0125029861640515	0.0439811674011863	0.34121194359962	0.315319390012641	0.00231486003290605	0.0478726262223258
1467x329	0.240561013845012	0.0145436626518045	0.0438301951879556	0.333934781479194	0.313815624784035	0.00280625440210778	0.0505084676498905
1500x329	0.26791095347977	0.0173671698870061	0.0483121334446103	0.318374446931569	0.290140275719175	0.00328820831404081	0.0546068122238286
1533x329	0.283930682061644	0.0182618826137646	0.0500829035152977	0.309646167228197	0.278041431416532	0.0032349981083197	0.0568019350562452
1566x329	0.291356010489142	0.0187374430781881	0.050660464910409	0.30560177034217	0.272689948873369	0.00320658855244692	0.0577477737542752
1764x329	0.54252257682003	0.0278744877216541	0.0764617805743418	0.145898899783375	0.148641620046817	0.00317981449067755	0.0554208205631045
1797x329	0.55762853458948	0.0312742371785264	0.0603246934153936	0.143519250187169	0.166602207500654	0.00255681539026183	0.0380942617385147
1830x329	0.551441421938905	0.0285806130231098	0.0657208193059673	0.135829985294469	0.179626832276659	0.00162671444372698	0.0371736137171639
1863x329	0.512649501163215	0.0253056729426031	0.0737241987938718	0.152208062871527	0.190507130345753	0.00250513000431443	0.0431003038787155
1896x329	0.458147192387223	0.0248011213653521	0.0531782222472671	0.198251078297962	0.224188482062581	0.00213813859006525	0.0392957650495498
1302x362	0.12753167564855	0.00931765187665472	0.0383817196746551	0.415628767749618	0.362514013623185	0.000970511133942903	0.045655660293395
1335x362	0.129520123178711	0.0108517264046539	0.0358913829371696	0.422127137576699	0.356458148817769	0.00144092583818143	0.0437105552468153
1368x362	0.155094471677901	0.0133591564115272	0.0387955700520182	0.413586744900499	0.332614872411377	0.00247846040265953	0.0440707241440185
1401x362	0.200686464260839	0.0133692721400887	0.0461058418276847	0.377634198761287	0.313712896653978	0.00290861239734348	0.0455827139587788
1434x362	0.210365806781433	0.0126659910306715	0.0469042857256225	0.357677290288091	0.320350674872877	0.00309409681630488	0.0489418544850011
1467x362	0.248665717426019	0.0150677708457766	0.0475405267487681	0.332996331067462	0.300777422776956	0.00292604500015388	0.0520261861348638
1500x362	0.266893581416575	0.0163148240168215	0.0487625917439013	0.321728650971298	0.289279132110693	0.00296476468739798	0.0540564550533132
1533x362	0.286084474284235	0.0175770502987963	0.0501734185481516	0.310705215594651	0.276035454498047	0.00294625934715817	0.0564781274289616
1566x362	0.31531789031548	0.019083562639491	0.0521289584248629	0.294440538494004	0.256520273415294	0.00277547105441754	0.0597333056564499
1698x362	0.535207858002083	0.0233500887569122	0.0763685380367019	0.140471192552324	0.158295916744365	0.00407857894432683	0.0622278269632871
1731x362	0.5055622725134	0.0307106413820637	0.0729577199084302	0.166289534491214	0.160262925115056	0.00247882981127095	0.0617380767785663
1764x362	0.495933588927827	0.0455461739571152	0.0636547134249762	0.163960292424489	0.173551079294241	0.00249968711022804	0.0548544648611232
1797x362	0.472582700078771	0.0442214886554132	0.0519032300155391	0.151209701255079	0.236041305340376	0.00185137084860519	0.042190203806216
1830x362	0.487468248618293	0.036269990591562	0.0530763951017725	0.142937670242315	0.245343562315149	0.00150030935334413	0.0334038237775647
1863x362	0.536566170913069	0.0234822296505124	0.0513809567217631	0.143172509823292	0.206338574644824	0.00131698365211735	0.037742574594423
1896x362	0.499764222290452	0.0200332485041085	0.0496259074713514	0.180050880509792	0.207068027336159	0.00124959312300797	0.0422081207651287
1302x395	0.146895183473321	0.0104380801591634	0.0308556121495762	0.377793698110526	0.39049377866098	0.000777943254422809	0.04274570419201
1335x395	0.137288287398728	0.0109793259374361	0.0339326688054187	0.400454462276795	0.372302073451761	0.00100197484163471	0.044041207288226
1368x395	0.143701790750201	0.0122133086701152	0.0418362401836787	0.39933919550629	0.348185429635282	0.00260720740449821	0.052116827849934
1401x395	0.176928824795601	0.0131411839169123	0.0493735133713832	0.383727221432713	0.317987619235715	0.00327664622480787	0.055564991022868
1434x395	0.22085722638138	0.0139026689642832	0.0474645928809597	0.353526154190051	0.310181330979673	0.0029481770094387	0.0511198495942154
1467x395	0.249268111187866	0.0150386506709286	0.0483537361802266	0.334431939180702	0.297514268082827	0.00290462344968099	0.0524886712477696
1500x395	0.265652504152111	0.016001099406846	0.0491985533506305	0.324328304128004	0.287894084557306	0.00289436839774116	0.0540310860073605
1533x395	0.293066439395131	0.0173671399887128	0.0515334043010938	0.308046343276959	0.269923032425197	0.00275065088723531	0.057312989725671
1566x395	0.347643488017031	0.0201283572095465	0.05233732414091	0.281286886185003	0.232450337103682	0.00224603652175341	0.0639075708220732
1599x395	0.398311246148656	0.0227007627696118	0.0576319825349658	0.248905367589448	0.202502829663919	0.00206690535014768	0.067880905943252
1632x395	0.473447690340436	0.0263502159437249	0.0703334708344552	0.188254284597788	0.175402983061744	0.00275643364922519	0.0634549215726259
1665x395	0.528049714537399	0.0231227326127376	0.0691759925478872	0.155062810660161	0.156806795334552	0.00349706154664727	0.0642848927606157
1698x395	0.510049280813006	0.018652713693593	0.0705037472924659	0.147889217072392	0.175897446778031	0.00367026226715574	0.0733373320833555
1731x395	0.469933535712632	0.0290121780797261	0.067476914124598	0.167846890863831	0.190112358612444	0.00239220732161157	0.0732259152851582
1764x395	0.480763069626032	0.0421353886777261	0.0645107038673537	0.177044732899795	0.180518914293661	0.00247583746653368	0.0525513531688978
1797x395	0.444311819421125	0.0439477690009202	0.0507883627384685	0.168206922339271	0.249959823955477	0.00236852510618356	0.0404167774385544
1830x395	0.471361631515555	0.0274117943948723	0.0520369305916046	0.148897583162381	0.259239682961012	0.00183369951655716	0.0392186778580179
1863x395	0.520017232990938	0.0209951612356115	0.0624080305529262	0.133633049667058	0.1998907919088	0.00116576245388292	0.0618899711907838
1896x395	0.490974381941429	0.0170970573195369	0.070256468848406	0.15616718814184	0.194330071912178	0.00101737094105223	0.0701574608955571
1929x395	0.472157582857781	0.0163177457284195	0.0903976306075219	0.154644031777292	0.187572094356252	0.000974578351868668	0.0779363363208642
1269x428	0.117642288426255	0.00846787051397718	0.0192405306027935	0.404239972161859	0.421689972473685	0.000807741557018599	0.0279116242644108
1302x428	0.131936330393686	0.0100639083046142	0.0221111034406355	0.382589409725882	0.419966968477356	0.000731941669665131	0.0326003379881613
1335x428	0.111582715701555	0.00943937230593457	0.0255059545418573	0.40284373954332	0.415060899775116	0.00100141140878507	0.0345659067234317
1368x428	0.124660956592064	0.00970158599814602	0.0345505565097711	0.403902917893174	0.383366743785185	0.00177523150117172	0.0420420077204881
1401x428	0.170355463592058	0.011381929976438	0.0445305565785312	0.381664221123392	0.339494049042076	0.0027055969272761	0.0498681827602285
1434x428	0.221071121500239	0.0136849292927044	0.0463050020867392	0.352257530620273	0.313173723854465	0.00282616191718683	0.0506815307283919
1467x428	0.253872813378034	0.0148850871105945	0.0477550431721309	0.333731136903244	0.294785204319817	0.00277484398857826	0.0521958711276012
1500x428	0.269780165219328	0.0155995163243163	0.0488390484293307	0.324672007948621	0.284575703612758	0.00273646352746501	0.0537970949381809
1533x428	0.304038701569849	0.016886126530567	0.052079154577307	0.306258200660042	0.260309528369185	0.00247671930743393	0.0579515689856161
1566x428	0.351122032308708	0.0189847551124509	0.0629555757624402	0.271183885888867	0.227244929552761	0.00203636956973824	0.0664724518050346
1599x428	0.408418295040536	0.0229014763220942	0.0695385560177862	0.230601660465799	0.195926032635094	0.00208882597048132	0.0705251535482102
1632x428	0.456549653289851	0.025513702447268	0.0702121244572093	0.195299833793156	0.181319647971103	0.00216764582482023	0.0689373922165917
1665x428	0.515578270810836	0.0225240540937799	0.0669745448061764	0.151034013148419	0.174796553111912	0.00373595236998234	0.065356611658895
1698x428	0.498811553637909	0.0183403031882554	0.0701452356928316	0.155743124726582	0.182560299836724	0.00442445298069354	0.0699750299370043
1731x428	0.465104593918658	0.0181169257730324	0.0709489551902173	0.17749737378111	0.191016785081838	0.00264637942654682	0.0746689868285972
1764x428	0.473267082239973	0.0215422088429715	0.071908697289051	0.180668135949894	0.191671217559226	0.00192681367343213	0.0590158444454529
1797x428	0.493394786229803	0.0271257704917238	0.0598530639238539	0.163378404283449	0.202580885855707	0.0028600884791802	0.0508070007362833
1830x428	0.510631202839035	0.027197576197627	0.0665635817376354	0.13097205306244	0.212153057482883	0.00298261114972986	0.0494999175306491
1863x428	0.509952749725046	0.0238410152394231	0.0799009426610212	0.119259725493519	0.189130700716349	0.00164601436504699	0.0762688517995942
1896x428	0.48513359835435	0.0194648861482011	0.0925883193390767	0.125845996754802	0.183244062558619	0.00100220581306448	0.0927209310318864
1929x428	0.480691524833264	0.0175576875426532	0.0940815240292473	0.149412620951963	0.174736641930115	0.000952158536580299	0.0825678421761768
1269x461	0.0753899960312404	0.00605924943324611	0.0137366228174807	0.420106169990394	0.466382250894615	0.000721487387910395	0.0176042234451137
1302x461	0.0833387672805784	0.00786778829017185	0.0160722310052888	0.407034100623926	0.460906390018597	0.00084533853318724	0.0239353842482503
1335x461	0.0913538738235569	0.0084598428485693	0.021383262920963	0.408930030412553	0.441761667632014	0.000983632118749797	0.027127690243594
1368x461	0.126374305010272	0.00954517787223066	0.0312316308441293	0.397984570447119	0.396206538971627	0.00190129535667862	0.0367564814979428
1401x461	0.177105900936337	0.0115093090546009	0.0394736730451067	0.373235977375904	0.35248616843675	0.00245476671848401	0.043734204432817
1434x461	0.225920731020606	0.0133431617904353	0.0440671049552696	0.348650009537554	0.317330000943672	0.00270985018252835	0.0479791415699346
1467x461	0.255745243169688	0.0144264907069799	0.0457353649253017	0.333871662934122	0.297118527512537	0.00269475374334291	0.0504079570080279
1500x461	0.278758473775144	0.0150292296105233	0.0467729357276556	0.325742709385512	0.278260635590055	0.00253352327031524	0.0529024926407953
1533x461	0.31395594221214	0.0162316644731103	0.0507118982772206	0.307896832331247	0.251284699253491	0.00227767794381164	0.0576412855089806
1566x461	0.3752746071965	0.0179098602112369	0.0585573300547047	0.276337096559928	0.204112492784788	0.00170324687366102	0.0661053663191825
1599x461	0.415286545654365	0.0233388621917597	0.071643536043799	0.220507141178353	0.198436707270212	0.00205424713219761	0.068732960529313
1632x461	0.435841497720034	0.0245565891307314	0.0706229183763671	0.209731888551431	0.190907797409871	0.00187836241350175	0.0664609463980642
1665x461	0.493649131367091	0.0223212297357587	0.0633229907382955	0.186211613631331	0.172711493770452	0.00263988392919345	0.0591436568278779
1698x461	0.490048400433215	0.0186491441346923	0.0644992428716947	0.171879624918004	0.185611926021932	0.00359027057182996	0.065721391048632
1731x461	0.459577811125452	0.0180277476314458	0.0623391304666874	0.181671931459814	0.209457057890057	0.00280542554064311	0.0661208958859003
1764x461	0.477630382839521	0.0216976246287862	0.0582155890987139	0.176553571399525	0.201330454946585	0.00186570039926963	0.0627066766875992
1797x461	0.4661485666463	0.0237262447922603	0.0608644502313183	0.161691142521792	0.227127828137653	0.00248842689343778	0.057953340777239
1830x461	0.526459324598931	0.0257868964519024	0.0680663024019792	0.113508160326314	0.207689641189231	0.00309353958074864	0.055396135450893
1863x461	0.533816832337196	0.0239994500314197	0.0757027134942984	0.108531835874435	0.184165379763439	0.00188553744764946	0.071898251051562
1896x461	0.516523358478006	0.0195505339710174	0.0813936216305953	0.137339400112583	0.169440383201395	0.00157039020128803	0.0741823124051153
1929x461	0.484326373090342	0.0180100434371323	0.0890518582278286	0.159241611052914	0.176852674730867	0.00114938589621098	0.0713680535647043
1236x494	0.0752960036760667	0.00703284792727254	0.0224618826482353	0.446506986724156	0.42401862551896	0.00164237747508425	0.0230412760302253
1269x494	0.0783416243764383	0.00490480770452284	0.022648135427799	0.417918028085896	0.447318080781695	0.00149713328201599	0.0273721903416327
1302x494	0.0969630223146148	0.00577304896059037	0.0271276419673146	0.38069264442102	0.453076781111133	0.00192397996834148	0.0344428812569859
1335x494	0.109632852641354	0.00791765472889795	0.0292003024522499	0.390849751260131	0.429378844915814	0.00210510421388669	0.0309154897876666
1368x494	0.138782331379566	0.00960803673748738	0.0330150626070791	0.388985987892482	0.390834342867123	0.00225850207812145	0.0365157364381406
1401x494	0.18646228020455	0.0115794557050657	0.0391385277323446	0.366092829528826	0.352681819449206	0.00265574472169654	0.0413893426583116
1434x494	0.231805797346867	0.0132960750420966	0.0427752795895964	0.3447939406343	0.31854495272997	0.00272743986275101	0.046056514794419
1467x494	0.263430688750696	0.0143810422640016	0.0444518336144521	0.329745589398665	0.2960800633757	0.00265107093262828	0.0492597116638569
1500x494	0.291057585535871	0.0148048743817671	0.0451034290693428	0.322268631054201	0.271408609021133	0.002394916877181	0.0529619540605043
1533x494	0.336710538339777	0.0144494756392172	0.0406628902145664	0.326995578443758	0.224000099976458	0.00180220552062463	0.0553792118655989
1566x494	0.41684355551076	0.0184001471133532	0.0485928913360515	0.272577777630838	0.17687554458614	0.00133768500916118	0.0653723988136963
1599x494	0.443886541870857	0.021956997797461	0.0523659031880447	0.237489848104756	0.17716678317281	0.00133366751573833	0.065800258350333
1632x494	0.463543841677396	0.0223142886199065	0.0599309523382819	0.204238861805211	0.181252244261653	0.00184082127772167	0.0668789900198297
1665x494	0.497485254739861	0.021010054719711	0.0501395451455537	0.205986529287561	0.162120727709486	0.00180889814874368	0.061448990249083
1698x494	0.472108094914366	0.020159511735451	0.0560989101749367	0.190231832375825	0.183177838578418	0.00197685803259374	0.0762469541884104
1731x494	0.465274886973651	0.0215069409874087	0.057207084703945	0.183217608762516	0.194442992601494	0.00208844997817626	0.0762620359928091
1764x494	0.448121283004016	0.0251948710049358	0.053661924830325	0.184777214862173	0.213522997498548	0.00144914245024141	0.0732725663497613
1797x494	0.424401405530072	0.0275762698485324	0.0529410603992587	0.183974946333127	0.239156556107103	0.00173729875317572	0.0702124630287314
1830x494	0.440688012316582	0.0270693797454381	0.0631641897250213	0.142159630371449	0.23928891176882	0.0016256716321488	0.0860042044405412
1863x494	0.488274934281291	0.021916356877954	0.075150645181777	0.126149202642672	0.198992487290003	0.0013451765287139	0.0881711971975886
1896x494	0.488294405950866	0.017505698095613	0.0796793956364464	0.175378669171615	0.173544907047626	0.00162603202232359	0.0639708920755098
1929x494	0.473704357099973	0.0183335766304408	0.0676359220062778	0.198419486222207	0.193594744273947	0.00157539941004369	0.0467365143571113
1203x527	0.10742927236266	0.00955105384208759	0.0274779220199905	0.420776172591864	0.406417385058257	0.00172132325797358	0.0266268708671676
1236x527	0.112702766497589	0.00885160573305488	0.0299486131634798	0.408136002216781	0.411218404138416	0.00176916777359485	0.0273734404770837
1269x527	0.118177783919338	0.00578459804779328	0.0344820406213955	0.376027668077995	0.426117831831939	0.00200302696519251	0.0374070505363469
1302x527	0.137935984459978	0.00679676035470218	0.0401193381415673	0.370919998368724	0.393183730570559	0.00288046726302871	0.0481637208414414
1335x527	0.142399569913238	0.0083085611658406	0.038291047681629	0.376756523041811	0.393897897099031	0.00296074149876991	0.03738565959968
1368x527	0.162750891250602	0.0101011535800631	0.0378354230448102	0.373796399696004	0.374687361191668	0.0028313763854175	0.0379973948514362
1401x527	0.194077313667442	0.0116990941034995	0.0399883444368304	0.361599494674602	0.349071102768267	0.00288138546664123	0.0406832648827181
1434x527	0.230743956832357	0.0132447235031299	0.0424346249442257	0.344067203570067	0.322079048083068	0.00284455498837202	0.0445858880787795
1467x527	0.269700228091186	0.0145543121704792	0.0439239809246912	0.324930011560524	0.295418168761138	0.00265742869642214	0.0488158697955601
1500x527	0.314895634837871	0.0155171602684533	0.0445692038194931	0.306596916329415	0.261916254971692	0.00225353461420461	0.0542512951588706
1533x527	0.364177599396669	0.0151015387260746	0.0446730378248542	0.300730260184609	0.209663247968486	0.00163043182169849	0.0640238840776084
1566x527	0.432808352770802	0.0190827856831491	0.0530501687089801	0.252520508763152	0.163118910696273	0.00143722922349801	0.0779820441541453
1599x527	0.459709431159032	0.0214633572221423	0.0648799290501094	0.195406774273849	0.171640386470887	0.00199808659685401	0.0849020352271263
1632x527	0.499652146398792	0.021500481799374	0.0564776130095345	0.179823339562186	0.180976870209	0.00203427828201927	0.0595352707390947
1665x527	0.50995934804677	0.0221092321277928	0.0516597315343239	0.18519228735331	0.172829427523094	0.00157502142328867	0.056674951991421
1698x527	0.473514136256849	0.0230668154603236	0.0560315612783058	0.194396390322695	0.180322501939685	0.00134109035407041	0.0713275043880714
1731x527	0.451385764456946	0.0233706051476927	0.0555300377441799	0.196367478865757	0.195307447665632	0.00132636034775908	0.0767123057720337
1764x527	0.414722857683271	0.0249177617860161	0.04921584778028	0.213661421595255	0.23527556988692	0.00106914076263696	0.0611374005056207
1797x527	0.408302359578543	0.0276567774172172	0.050098326398061	0.206773439569059	0.233995830489181	0.000981107609523045	0.0721921589384157
1830x527	0.39247720236433	0.0278747210963669	0.0649788801830471	0.182334344406639	0.242588325569475	0.00109392824698618	0.0886525981331563
1863x527	0.415130850061443	0.0234276931745764	0.0769723279007419	0.184799400326382	0.220083670441819	0.00155370681097685	0.0780323512840614
1896x527	0.445477178956171	0.019166528418884	0.0804674776056325	0.209373085344214	0.191524847410353	0.00183478029693343	0.0521561019678118
1929x527	0.471333130981486	0.0182711368920811	0.0721766913714518	0.198384107719961	0.199246812190399	0.00159042019783052	0.0389977006467907
1170x560	0.149183850639907	0.0096512780460742	0.0355079675455323	0.394114898461674	0.381641010531514	0.00109264014077816	0.0288083546345203
1203x560	0.127892035601846	0.00840061082357556	0.0275037065712163	0.422947667393166	0.393835419631609	0.00154635062538326	0.0178742093532033
1236x560	0.148154456727245	0.00807461205681228	0.0321673489461458	0.4080657892507	0.377830320326371	0.00206224865482226	0.0236452240379044
1269x560	0.178511867253083	0.00735652769006811	0.0441076763218319	0.361631564980737	0.354745418400149	0.00225137905098477	0.0513955663031464
1302x560	0.161707905260408	0.00778669170501211	0.0427623289605497	0.370848780630546	0.360838207376044	0.0029454856958469	0.0531106003715938
1335x560	0.160936327069345	0.00925380903395054	0.0408574213222672	0.375570639480756	0.369627317140315	0.0032157677668578	0.0405387181865076
1368x560	0.1743502470597	0.0104760219294516	0.0406711452730701	0.371918153240011	0.361258631821491	0.00330291211852506	0.0380228885577522
1401x560	0.197908344639129	0.0118183060181239	0.0409793356533793	0.361483168185276	0.345248394342933	0.00321193178918403	0.0393505193719747
1434x560	0.233766105763316	0.0133518314514244	0.0421492488981058	0.342938611851989	0.322383512600627	0.00309766817043291	0.0423130212641053
1467x560	0.278549272714926	0.0150362220190805	0.043016622009564	0.317330974510441	0.29677589447537	0.00279329805203887	0.0464977162185789
1500x560	0.336479191154451	0.0168677015527431	0.0434401612720014	0.281242885310842	0.265151536968457	0.00217114391704061	0.0546473798244649
1533x560	0.396414744513813	0.0191693680824985	0.0502810768426706	0.242349000296709	0.224940333024145	0.0015689621162037	0.06527651512396
1566x560	0.436949443364463	0.0212701929611602	0.0625314256707332	0.207157175617372	0.184868679364192	0.00161026371135939	0.0856128193107198
1599x560	0.460767471784199	0.0212917228831846	0.0657213870750021	0.189643908947978	0.183327073556283	0.00209567777667735	0.0771527579766756
1632x560	0.458676046314468	0.0184763318867096	0.0557644482135786	0.19458685526093	0.223499409087107	0.00300881524316713	0.0459880939940398
1665x560	0.402850631079286	0.0159385306882235	0.0476127152820454	0.225651177394253	0.265388386422985	0.0021425888197592	0.040415970313448
1698x560	0.451708517712609	0.0220804618094225	0.0568748985381885	0.195011129099582	0.20596483645443	0.00123744689503381	0.0671227094907346
1731x560	0.448861778924713	0.024916392042182	0.0512938167927383	0.198587997248847	0.214027749608915	0.00114683559930522	0.0611654297832993
1764x560	0.439916182632448	0.0247931898549436	0.0446425244988501	0.21339147258609	0.224140751051092	0.000935890896834285	0.0521799884797426
1797x560	0.421602134974716	0.023492185836843	0.0488561046002978	0.211539357347851	0.231077258972162	0.00103145249782729	0.0624015057703024
1830x560	0.408788260129339	0.0253799186508489	0.0643625115097331	0.208027409194362	0.225866150894247	0.00125746542294889	0.0663182841985207
1863x560	0.423969175032146	0.0242400068654912	0.0817673209324385	0.20398893251296	0.207961543939026	0.00199134884394348	0.0560816718739956
1896x560	0.496575403941076	0.0199707705417259	0.0861952623564659	0.16235456201611	0.184225143113908	0.00184454813515442	0.0488343098955601
1929x560	0.528078217001971	0.0178451366700035	0.0723040071079466	0.159919948858826	0.18103860377346	0.00121014824943102	0.0396039383383619
1170x593	0.157641690339573	0.0100055277488132	0.0394091802652165	0.390448366427719	0.374644017499023	0.00121195916196892	0.0266392585576865
1203x593	0.149468699222846	0.00881670288990062	0.0354273616980415	0.403159128476091	0.376907313803022	0.00122769960973067	0.0249930943003685
1236x593	0.147680095090836	0.00756990506484121	0.0284085531916193	0.420881844611425	0.371870568172745	0.00153125474370042	0.0220577791248331
1269x593	0.162121316471804	0.00831539191758423	0.0370535900764909	0.393886283274734	0.361762159057811	0.00244015364380691	0.0344211055577693
1302x593	0.162878600999084	0.00949202693136606	0.0412266940836211	0.386011539674894	0.360295260846956	0.00327672110916852	0.0368191563549104
1335x593	0.166220543547816	0.00998730208337037	0.0426103381853681	0.382142047205916	0.358530338223053	0.0036633260112447	0.0368461047432312
1368x593	0.174461589979852	0.0106736797612447	0.041959307258686	0.379306793378491	0.354451355428687	0.00378377906074876	0.0353634951322901
1401x593	0.193129304831607	0.0116268105223484	0.041475331784883	0.370499603709337	0.343724107411234	0.00379555287010636	0.0357492888704843
1434x593	0.23116816111311	0.0133101277864903	0.041532943969313	0.347248719172883	0.325015639186141	0.00357847941493985	0.0381459293571233
1467x593	0.28218854614679	0.0154744038086387	0.0415195156999329	0.315053352153142	0.301018509526164	0.00319007136993252	0.0415556012954
1500x593	0.359547932311286	0.0188700932570122	0.0412330222442747	0.258096821207692	0.273658173640317	0.00238780378233802	0.0462061535570802
1533x593	0.423542085533982	0.0232437509426273	0.0423032560116652	0.215523483486358	0.239905721872396	0.00145973026281586	0.0540219718901547
1566x593	0.430252223899582	0.0227837486382388	0.0658252795417884	0.202007728998679	0.210268715300137	0.00123214568295525	0.0676301579386192
1599x593	0.414243161539468	0.0173504968763791	0.0713900837108121	0.196483923332878	0.238375107950374	0.00159648160651777	0.0605607449835705
1632x593	0.329154635266501	0.0123743360407626	0.0431096577950957	0.241752394100842	0.338708901888533	0.00231080889892966	0.0325892660093356
1665x593	0.280978939924133	0.0109546720508974	0.0334719309602014	0.278978130606958	0.368140324810735	0.00184760367042659	0.0256283979766488
1698x593	0.348905114405106	0.0160869878276268	0.0453993294534821	0.243228522387432	0.298913251004324	0.00118820975548098	0.0462785851665475
1731x593	0.42740894374917	0.0227177000651499	0.0519417095885461	0.206754982664553	0.233350091059045	0.00125946011494829	0.056567112758587
1764x593	0.464737194127628	0.024036352520712	0.0472170686614161	0.191947809259422	0.221190078515675	0.0015418076819575	0.0493296892331888
1797x593	0.420885162066007	0.020263362741181	0.0444188489855054	0.208483460386261	0.235928538653936	0.00119959907526685	0.0688210280918428
1830x593	0.425352789751335	0.0211617546010873	0.0553012299138547	0.215208910825306	0.21523146774522	0.00123605375896433	0.0665077934042332
1863x593	0.461737479330051	0.0256505609227153	0.0759718726221603	0.190137930672254	0.194253590347153	0.00163618809654402	0.0506123780091222
1896x593	0.535787427315282	0.0235249871040095	0.0794545777890065	0.136199488190885	0.180633131820532	0.00167426774600892	0.042726120034277
1929x593	0.554655304560349	0.0197057753574147	0.0763227897869647	0.138173643827829	0.168150107636088	0.00144347820590183	0.0415489006254528
1137x626	0.103126438336421	0.00860385575123692	0.0251531494943618	0.402900965908658	0.441972929854472	0.00109476992301873	0.0171478907318321
1170x626	0.100042462637201	0.00741551753499919	0.0296926817254089	0.416749171168952	0.422129434991524	0.00107002446771137	0.0229007074742037
1203x626	0.1290819942987	0.00897118670204722	0.0321074330255386	0.419254298449023	0.386844415628672	0.00129306142091729	0.0224476104751012
1236x626	0.129418234608155	0.00816348831238611	0.0296800409535248	0.430147767910606	0.378310013164555	0.00196165117787334	0.0223188038728999
1269x626	0.156543472505935	0.0100681364853801	0.0373137699903529	0.40510893052454	0.360172587853215	0.00279831166992634	0.0279947909706507
1302x626	0.162216465538907	0.0101838106464707	0.0429692355151027	0.391728098309624	0.357445062939899	0.00373081127724117	0.0317265157727557
1335x626	0.163848065308326	0.0103897281050377	0.043763709135053	0.389596498208208	0.355948470967944	0.00407624653677026	0.0323772817386616
1368x626	0.167670498128487	0.0105683756411559	0.0424078765554293	0.389102136894937	0.353950032025482	0.00414976085777747	0.0321513198967321
1401x626	0.18153766207344	0.011183286383116	0.0411911986946839	0.383091242924579	0.346069189038508	0.00425870821740157	0.0326687126682715
1434x626	0.210308088947515	0.012436103164156	0.0405506154754349	0.367283749832888	0.331487646107964	0.00429631109329797	0.0336374853787439
1467x626	0.278213537574318	0.0155443024787602	0.0396008467262053	0.319797546157569	0.30962306525618	0.00383326661775336	0.0333874351892142
1500x626	0.347179981948607	0.0188580012445773	0.0386387805212895	0.27832872503191	0.275544534605626	0.00307922579442285	0.038370750853568
1533x626	0.401123882583116	0.0221677422683636	0.0447705884011689	0.223378233078282	0.263427464829962	0.00169423009015776	0.0434378587489498
1566x626	0.405907567959879	0.0235643802969368	0.0695031075878087	0.20910952814445	0.230618658171052	0.0016122779461639	0.0596844798937095
1599x626	0.35913939860649	0.0159899234356469	0.0662049375570668	0.213413414324851	0.295260013525781	0.00188320805995239	0.0481091044902113
1632x626	0.29032053975504	0.0138918198281907	0.0409751817852258	0.249192892594238	0.367237914599291	0.00178518295643089	0.0365964684815842
1665x626	0.235903969745492	0.0120707544195958	0.0297391815021747	0.29228855474538	0.403219662464303	0.00114538671612785	0.0256324904069271
1698x626	0.259990443083209	0.0120107403294801	0.0332888246505828	0.267883718790962	0.387068627921017	0.000910718345510191	0.0388469268792391
1731x626	0.319422665579692	0.0188286195347786	0.0416786873472696	0.238665897111005	0.334142071285656	0.00113381826331133	0.0461282408782866
1764x626	0.391135014635209	0.0249012718802058	0.0479653868938304	0.199654147777472	0.2756009668323	0.00142174561055035	0.0593214663704316
1797x626	0.387766813469722	0.0193806985189655	0.0477678890393801	0.230499186560366	0.249601114095386	0.00190415441758981	0.0630801438985917
1830x626	0.407720775593356	0.0199057602143683	0.0477511890774427	0.242591097381721	0.230641764880912	0.00208868434990943	0.0493007285022898
1863x626	0.453142417584591	0.0237669487399682	0.0587872423147212	0.212694067665373	0.208718078315909	0.00162939732968195	0.0412618480497561
1896x626	0.483428619024262	0.024482449631861	0.0735882304265095	0.176276119931553	0.201953360296145	0.00191943708397686	0.0383517836056929
1137x659	0.0853590255818765	0.00683247321951652	0.0177878955562213	0.400994720425107	0.470863798581237	0.000859135361964519	0.0173029512740773
1170x659	0.0911220378755085	0.00688723174909386	0.0212295985250795	0.418442468518959	0.440561880785506	0.00117945717669484	0.0205773253691582
1203x659	0.12761210758407	0.00904642942909955	0.029262146793221	0.424340095683486	0.385016587530591	0.00170731318799078	0.0230153197915419
1236x659	0.157520818592459	0.0107432712750841	0.0369690072051366	0.404262072068716	0.36260174369027	0.00268433426635131	0.0252187529019826
1269x659	0.157698496188488	0.0105499428799836	0.0427484957653727	0.39793147514811	0.359737993104103	0.00370498761329652	0.0276286093006463
1302x659	0.160869999693329	0.0106833768162327	0.0454276136189682	0.393806411398162	0.355533009478677	0.00422461940943458	0.029454969585197
1335x659	0.159599040866865	0.0104805470253741	0.0453517635842862	0.394487911923594	0.355357716145475	0.00444559996094167	0.0302774204934646
1368x659	0.157292021707733	0.0101825959543056	0.0418919817361648	0.399162679133582	0.357512086172873	0.00431895020285655	0.0296396850924849
1401x659	0.163328136298426	0.0103696835741487	0.0399022338629886	0.398780007053607	0.353680954459689	0.00439734871173146	0.0295416360394087
1434x659	0.150730350263373	0.00984317733297164	0.0379880603136944	0.419788131425797	0.349312329951976	0.005692618849975	0.0266453318622134
1467x659	0.207079275949514	0.0120643914018499	0.0393539014814992	0.384559810124231	0.320075118127639	0.0055134765189021	0.0313540263963645
1500x659	0.327240141246899	0.0192706653599293	0.0476458916670766	0.295033055963068	0.270566449277479	0.00449266046447179	0.0357511360210769
1533x659	0.379292788448674	0.0214649135317723	0.0607554945380959	0.234789393527964	0.254551425206743	0.00236206832843622	0.0467839164183144
1566x659	0.365353575637239	0.0209652359639439	0.0695338484918693	0.218726620554818	0.271406235563483	0.0018814987213346	0.0521329850673116
1599x659	0.336002476419025	0.0204502708323344	0.058794589581816	0.232094950756169	0.296306089396858	0.00224906804698919	0.0541025549668091
1632x659	0.296667270254554	0.0230613519651464	0.044351897403124	0.250518507198542	0.34144996581027	0.00221944808859294	0.0417315592797707
1665x659	0.232973475044709	0.0178479035338614	0.0333540570272199	0.286687307485599	0.400066206289159	0.00144925380072557	0.0276217968187258
1698x659	0.205374687659324	0.0108037551700695	0.0379499425736086	0.287013022957581	0.412940653518146	0.000927273860369873	0.0449906642609004
1731x659	0.272072160309015	0.0149387202799422	0.0446521813622273	0.253034375239825	0.361099477515027	0.00127119520228979	0.0529318900916736
1764x659	0.329073915296229	0.019953101001289	0.0510829729047159	0.235224966219795	0.310113756643536	0.00164309264768698	0.0529081952867488
1797x659	0.354548393086071	0.0223867858031261	0.0518080385426933	0.254660249501277	0.266987239455125	0.00230648152464969	0.0473028120870581
1830x659	0.378382688068078	0.0225794847017928	0.0468761693367094	0.264009814759936	0.244163499186598	0.00255267085615766	0.0414356730907281
1863x659	0.418763753646868	0.0212979925767356	0.0524629729029149	0.232727124205311	0.23539696429067	0.00264276552600149	0.0367084268514995
1896x659	0.45544638523294	0.0206989000749155	0.0654191090392524	0.199656593267107	0.222798216290435	0.00305580530806282	0.0329249907872873
1104x692	0.142579889498295	0.0105162098049001	0.0382265875306016	0.350122462243324	0.421546476890365	0.00275971152446144	0.0342486625080522
1137x692	0.114652311890447	0.0086619470168627	0.0253756335350913	0.361219040034685	0.457581168289282	0.00162057990071637	0.0308893193329157
1170x692	0.112798695639832	0.0083754998865409	0.0259321344795439	0.37840692728183	0.445044863147091	0.00165408073120335	0.0277877988339591
1203x692	0.151262582684378	0.010727388542781	0.0382115065650575	0.389388227647973	0.380978042740997	0.00312669453617346	0.0263055572826415
1236x692	0.164339275647266	0.0115429006231368	0.0479763649814099	0.384292587942011	0.360296018601355	0.00438307543608659	0.0271697767687351
1269x692	0.163359401687474	0.0114907339799694	0.0513842061931294	0.388182732674221	0.352567535891489	0.00499951471617511	0.0280158748575415
1302x692	0.16153609579377	0.0111417896316842	0.0503336872207299	0.39112074824701	0.352147578517414	0.00497911200738383	0.0287409885820072
1335x692	0.154297751011711	0.0106167658487432	0.0486593897929707	0.400087655777648	0.35317971099612	0.00506925503492271	0.0280894715378839
1368x692	0.141099034669916	0.00955953547445309	0.041657911193484	0.414125902219435	0.362999087932715	0.00453182137726102	0.0260267071327362
1401x692	0.103563005707254	0.00725455674030121	0.0307936380933559	0.450630010711408	0.383716860651123	0.00408115109781533	0.0199607769987424
1434x692	0.0922252068040312	0.00706584923292782	0.0347175185121112	0.473135773613621	0.366524791803018	0.00572327515428069	0.0206075848800099
1467x692	0.116034199695123	0.00797660346939598	0.0350062477790618	0.449586348015137	0.36399824481076	0.00539268815835441	0.0220056680721681
1500x692	0.248108150870372	0.0134938024981785	0.0430562602603437	0.338269110566971	0.322104626354361	0.00374446659243564	0.0312235828573388
1533x692	0.383551543102803	0.0209056184641133	0.0590992140239625	0.236607653263048	0.249707976374318	0.00197693278889013	0.0481510619828654
1566x692	0.363661922350083	0.0201096121535213	0.0648692237173404	0.22352975385576	0.263161259318832	0.00169034504724143	0.0629778835572223
1599x692	0.28782929797082	0.0185306916890055	0.0489115013655368	0.268691757659369	0.320420020525109	0.00154722543912452	0.0540695053510347
1632x692	0.221444189398049	0.0196896014916609	0.0324748930919323	0.328378929795028	0.363980212025763	0.00137159058127197	0.0326605836162945
1665x692	0.187515621021342	0.0167388245961656	0.0297303700728972	0.339094062201682	0.403283043210758	0.00104049066563702	0.0225975882315175
1698x692	0.212865948079023	0.0124379913928399	0.0422429253745392	0.297011529698922	0.390130314487479	0.000881530551085691	0.0444297604161109
1731x692	0.289150811763675	0.0159811749867242	0.0549863016308446	0.265559898646997	0.320636661680001	0.00149039882116934	0.0521947524705888
1764x692	0.31949265388082	0.0192938175121813	0.0529328234673859	0.27840256379261	0.289652970188243	0.00197726408563671	0.0382479070731228
1797x692	0.351158110096263	0.0207716803956221	0.0553385074757347	0.271898815108443	0.261830250894325	0.00251659390426259	0.0364860421253493
1830x692	0.398622774547556	0.0214166117137009	0.053397340785654	0.243206799322517	0.239492735514029	0.00256530621601132	0.0412984319005314
1863x692	0.417582363230902	0.0219464565234748	0.051896862984011	0.234719576681822	0.228384744294497	0.00265892705676262	0.0428110692285302
1071x725	0.17930605074519	0.0138755915051808	0.115320324512925	0.356237390778453	0.296298942872029	0.0144881180868235	0.0244735814993994
1104x725	0.178749237473748	0.0134525349774069	0.0887393352110691	0.347686144624403	0.327192128950432	0.0110649523929951	0.0331156663699455
1137x725	0.174718331976454	0.0134553541770556	0.0626568394835501	0.329620830217184	0.372576305432856	0.00597903413848406	0.0409933045744157
1170x725	0.151635228147418	0.0119564725715992	0.0578224362161104	0.34452364122353	0.398200232758908	0.00590992511827042	0.0299520639641637
1203x725	0.137124263882511	0.0112132224556522	0.0525199754802961	0.366079510386976	0.404336698324142	0.00557391257558358	0.023152416894839
1236x725	0.164930953151125	0.0123833098674401	0.0627851944548379	0.37463535629472	0.350686054078815	0.00668273872038147	0.0278963934326803
1269x725	0.168769289336225	0.0124678861192791	0.0643703412464703	0.37862799510184	0.340013406342365	0.00693444975180215	0.0288166321020176
1302x725	0.164098332698613	0.0120344866979474	0.0618170085479881	0.386776375063066	0.340023632411653	0.00673914313434643	0.0285110214463857
