Glia and neuronal cell	Oligodendrocyte	B cell	Pericyte	Endothelial cell	T cell	Myeloid cell
14520x3300	0.176228192340503	0.0186333454217049	0.0175842211450618	0.329710758408518	0.286379593349288	0.000864588261073736	0.170599301073851
14900x3300	0.166646200442512	0.0193603964077508	0.0129065215716526	0.310685877073567	0.333565828288736	0.000436422825521582	0.15639875339026
13380x3680	0.165840157444114	0.0185969373562155	0.00638406025588307	0.319916275876974	0.411488750352678	0.000307084223518031	0.077466734490617
13760x3680	0.18525911795192	0.0214209370987242	0.0131254554473254	0.310054004399333	0.339438449996896	0.000471654172694768	0.130230380933107
14140x3680	0.180778078789046	0.019329334192334	0.016876946322438	0.329941783451657	0.30057405045826	0.000711341946980705	0.151788464839285
14520x3680	0.175536459636717	0.0195843371244857	0.0137722245037964	0.316738683010949	0.319092395318102	0.000819242769033973	0.154456657636916
14900x3680	0.170666002537692	0.0190070571406491	0.0089787651060848	0.296352923266928	0.364689455502208	0.000367060742185023	0.139938735704253
15280x3680	0.175935363159627	0.0170196129615672	0.00464461564036585	0.295150951840568	0.386957159291744	7.71001683934892e-05	0.120215196937735
15660x3680	0.180112022063119	0.0190924571182188	0.00355124804877054	0.260720733918602	0.428110586542803	6.11792936916195e-05	0.108351773014795
16040x3680	0.181442097098897	0.0230504451301046	0.0041190294400565	0.215529119256883	0.478275283125605	5.85792493017646e-05	0.0975254466991525
13000x4060	0.171999080083025	0.0194510564547106	0.00601305320359931	0.312421345549656	0.429175415253381	0.00046642657931757	0.0604736228763102
13380x4060	0.187322010535997	0.0225030393200598	0.00567342987454914	0.305133732522542	0.400067091750059	0.000628729278438598	0.078671966718354
13760x4060	0.188359196464428	0.0215076096073722	0.00810559017177213	0.313929650330712	0.367195226197886	0.000588118331051425	0.100314608896778
14140x4060	0.187173279552932	0.0211087114338251	0.0106686559503423	0.308782316493285	0.370709952768569	0.000422495280170712	0.101134588520876
14520x4060	0.181530206722996	0.0184379097800465	0.00672188224647148	0.296119749802275	0.390224644027342	0.000455232076837552	0.106510375344032
14900x4060	0.17443686261813	0.0182277383536094	0.00536624219724741	0.265364134576375	0.422908376343876	0.000284418646417069	0.113412227264345
15280x4060	0.181425450048271	0.0181174446370561	0.00302805870852026	0.258453128464701	0.432512233942725	7.92211895923743e-05	0.106384463009134
15660x4060	0.182021848492345	0.0194508780947456	0.00302596638296135	0.24428972679998	0.453615781442497	5.4082205255819e-05	0.0975417165822159
16040x4060	0.183838876296865	0.0235075917556664	0.00415661796749073	0.214072504191799	0.488305375832542	3.48537082212402e-05	0.0860841802474157
12240x4440	0.265164527506434	0.0192630651375787	0.00537874279861734	0.243024961007057	0.348301843508085	0.000465784814491079	0.118401075227738
12620x4440	0.238532809820851	0.0238636911754985	0.00739551647179206	0.24384689700453	0.36970348303406	0.000458943585721949	0.116198658907546
13000x4440	0.190847643194113	0.0235985819891059	0.00707367532065033	0.278467809586993	0.401547769580967	0.00224712632280835	0.0962173940053623
13380x4440	0.191503397318198	0.0247850311901518	0.00679845317422992	0.272506919325769	0.404152192279147	0.00215264035113172	0.0981013663613734
13760x4440	0.187491575205131	0.0224646673329821	0.00852586086371498	0.292214458269771	0.403051732536555	0.000548712563411985	0.0857029932284345
14140x4440	0.183592043856225	0.0216428565313463	0.00733395962089928	0.290650069456359	0.423641640532475	0.000226067476120891	0.0729133625265753
14520x4440	0.176964272580334	0.0200583457860415	0.00441027374035652	0.266976173803642	0.454135006057834	0.000121542367089053	0.0773343856647026
14900x4440	0.17267598684836	0.0187735178065893	0.00340052238461975	0.258473768533514	0.465899804349308	0.000119989371270621	0.0806564107063388
15280x4440	0.193375952771514	0.0201094352746614	0.00365251424753074	0.231053809513516	0.466046010691717	9.92192336040982e-05	0.0856630582674566
15660x4440	0.198583680789312	0.0219514579606518	0.00386913305067826	0.232327988765353	0.463337439664659	6.10488081489636e-05	0.079869250961197
16040x4440	0.203091556716473	0.0228882396720398	0.00414711320367184	0.233056053326609	0.459786888912347	4.35432287308049e-05	0.0769866049401283
16420x4440	0.242136067732701	0.0270432078915996	0.00593093401473822	0.20393884975698	0.437931557786083	7.57559408770236e-05	0.0829436268770207
11860x4820	0.256578404714344	0.0164600503728877	0.00645243023279818	0.270807316402085	0.346093091822463	0.00239319154518357	0.101215514910239
12240x4820	0.260290819280515	0.018681789363084	0.00729122759231419	0.25889642791095	0.349399408670232	0.000697175979076321	0.104743151203829
12620x4820	0.207891100980292	0.0225244714986736	0.00746458652393187	0.261821720122516	0.396148524376794	0.000643489338217231	0.103506107159576
13000x4820	0.147019012032359	0.0216244666018659	0.00642847301210066	0.310886895931698	0.431719763884187	0.00377181349860493	0.0785495750391846
13380x4820	0.154776897426688	0.0223457457358869	0.00795979285898085	0.286815108168291	0.437297653645709	0.00422883269895867	0.0865759694654855
13760x4820	0.181442071691241	0.0228171487727495	0.00975996961767315	0.273332400505733	0.420556426735601	0.000283890157071339	0.0918080925199306
14140x4820	0.193030821862185	0.0225820362149521	0.00805345076763071	0.273425843331376	0.418585620618331	0.000130279284546616	0.084191947920979
14520x4820	0.189494801427311	0.0213531216033696	0.00567658760463492	0.259891166742415	0.441707425501199	0.000114493549417157	0.0817624035716532
14900x4820	0.190790157154999	0.0194195039482402	0.00497901926844407	0.248361970682044	0.455299925686619	0.000175803419280348	0.0809736198403733
15280x4820	0.211014144275379	0.0209482235332556	0.00543716507292023	0.205184457346408	0.474009865669593	0.000165316416544581	0.0832408276858994
15660x4820	0.194951685150553	0.0230499793646119	0.00549549554853166	0.215378518608195	0.476322363701201	7.84961882193692e-05	0.0847234614386878
16040x4820	0.215595436626825	0.0251294830813663	0.00591220416478106	0.223370568041625	0.447315231037256	6.38308513466397e-05	0.0826132461967998
16420x4820	0.26120639692875	0.0266916490470556	0.00673503060144559	0.1890175731018	0.431194507048059	7.98168338971096e-05	0.0850750264389928
11860x5200	0.255967382124388	0.0188785735325184	0.00725869982140622	0.269529836604031	0.357479389744832	0.00313005089214709	0.0877560672806776
12240x5200	0.220260875435913	0.0191387105827273	0.00873929690793367	0.277078746853826	0.385848920522814	0.00151520383993177	0.0874182458568535
12620x5200	0.165699867285534	0.0213407105173719	0.0107504375901693	0.291476948108234	0.424684599523706	0.000626363200753149	0.0854210737742317
13000x5200	0.14203745933798	0.0206569987253042	0.00842763194068981	0.317491779730606	0.441382695495447	0.00238227144202222	0.0676211633279504
13380x5200	0.152933618046294	0.0213738698143888	0.00726900853866741	0.303345786672086	0.442389457034207	0.00224793364868506	0.0704403262456709
13760x5200	0.169649649865468	0.0223672211566457	0.00782562605746123	0.264949366303759	0.446792325991445	0.000417218574661274	0.0879985920505594
14140x5200	0.190410784085016	0.0226918336919533	0.0071015715100073	0.253510730630488	0.429310342451988	0.000128788941779761	0.0968459486887663
14520x5200	0.214393844919578	0.0230902437025392	0.0063072258851907	0.235102252959203	0.423033367180629	0.000106027071040107	0.0979670382818203
14900x5200	0.210325992394917	0.0223961041912329	0.00445923716454039	0.230858817559392	0.448572494450109	0.000108680900866405	0.0832786733389413
15280x5200	0.213288673575362	0.0223700718987694	0.0054366613660103	0.207369388189529	0.459947767390609	8.90410716219851e-05	0.0914983965080983
15660x5200	0.186153005273973	0.0228596358127489	0.00683963556266581	0.20819651866342	0.487569482238763	8.14847500831238e-05	0.0883002376983462
16040x5200	0.216953492100847	0.0263726888121502	0.00823984759755266	0.206005629444149	0.459693355389444	6.42298546393987e-05	0.082670756801217
16420x5200	0.27720104460148	0.0306943018561819	0.00788510739477375	0.198120823651612	0.400869620479724	4.78336877325833e-05	0.085181268328496
16800x5200	0.299535099085788	0.0286751127561881	0.00719180494132451	0.183837306673803	0.407267590895231	7.31569837373887e-05	0.0734199286639275
17180x5200	0.335299563408718	0.0321900669933158	0.00876383224687714	0.166515244828474	0.400195290590112	3.57011451401151e-05	0.0570003007873638
11480x5580	0.265267253694778	0.0231647694363138	0.00759846611351556	0.239212222000664	0.376798659453547	0.00182135833882731	0.0861372709623547
11860x5580	0.262945059665687	0.0244246599149558	0.00794247729982445	0.237468471178216	0.373178268214544	0.00162980149115804	0.0924112622356143
12240x5580	0.182248629872725	0.0214243949218915	0.0123064245478654	0.280443614317429	0.404818457685274	0.00117670422049641	0.0975817744343192
12620x5580	0.167239436685772	0.023740811949538	0.0129477877390012	0.274950859554718	0.419225057170288	0.000332974285116921	0.101563072615566
13000x5580	0.194122302607975	0.0246083392779224	0.0118369928761102	0.272250158001571	0.399101221892504	0.000358071887873542	0.0977229134560438
13380x5580	0.204124408076126	0.0259122795836356	0.00877915447109259	0.262387852269768	0.405978232918736	0.000318537388635134	0.092499535292007
13760x5580	0.180517177981519	0.0239118525347907	0.0066161022922195	0.254640610755488	0.44207947699865	0.000125195989989643	0.0921095834473426
14140x5580	0.178144761611049	0.0226314510970077	0.00738253316052722	0.239511096964916	0.453699545911599	7.02803723436319e-05	0.0985603308825575
14520x5580	0.213560806200447	0.0271858242629037	0.00657454211966	0.21678244982519	0.44616493209994	0.000109849242509098	0.0896215962493503
14900x5580	0.218859115462791	0.0255520015186293	0.00445466351407553	0.198426228080037	0.472779707973763	9.13020994633497e-05	0.0798369813512403
15280x5580	0.223276890651059	0.0249811012252995	0.00675762174482305	0.191127032917219	0.453379492651958	0.000144442998228127	0.100333417811413
15660x5580	0.213394469662041	0.0228795599531967	0.00772966183535283	0.183657189957966	0.473369121329623	8.46760410866979e-05	0.0988853212207332
16040x5580	0.237934839586877	0.0284065666455021	0.00851692631421943	0.191158512234902	0.454041012581657	4.76924297096179e-05	0.0798944502071323
16420x5580	0.269114673330952	0.0306211837712039	0.00736381396023028	0.201388467472713	0.405615397745547	3.46999885000366e-05	0.0858617637308538
16800x5580	0.307013422124293	0.0324100848488117	0.00706800938289737	0.184519399466137	0.3904392994048	4.34901072276886e-05	0.0785062946658338
17180x5580	0.322897542181881	0.0325540041844332	0.00672667957450068	0.144150842917068	0.422591481277812	3.7388345596261e-05	0.0710420615187087
11480x5960	0.250843420024612	0.0230788030409044	0.00778477896162705	0.256850744148651	0.371213773281956	0.000304246252137825	0.0899242342901121
11860x5960	0.250467217138664	0.0255155739934217	0.0103366748911449	0.24543476321839	0.370373173872857	9.22977744637147e-05	0.0977802991110594
12240x5960	0.194054483508179	0.0234704040743297	0.0120699421642521	0.265023519762377	0.411944104586953	0.000172099477145998	0.0932654464267642
12620x5960	0.171365226739902	0.0245279493289016	0.011617550998073	0.262899750593333	0.428499798560169	0.000118104778136939	0.100971619001485
13000x5960	0.21146459406945	0.0266205195861089	0.0103032190345338	0.251795279468212	0.393598612614184	0.000119251780103331	0.106098523447408
13380x5960	0.211476734932267	0.0258350175290461	0.00997481956019764	0.266953102598765	0.379394600735226	0.000106001216517942	0.106259723427981
13760x5960	0.20458719679485	0.027502539067343	0.00863372114177871	0.248613882045103	0.414291053118917	0.000160156616519766	0.0962114512154886
14140x5960	0.213252467531286	0.0266918218800623	0.00949972776726837	0.239082033468864	0.421738304597427	0.000573801003990962	0.0891618437511013
14520x5960	0.207470242002777	0.0239770753865128	0.0084014994569777	0.219378706559741	0.450260426710147	0.00065726076821007	0.0898547891156343
14900x5960	0.20380267164454	0.0232395244149809	0.00596400919164058	0.182623406601915	0.498833749481407	0.000391658385840685	0.0851449802796759
15280x5960	0.223911875674495	0.0244277951776917	0.010003275762222	0.189575721150963	0.427595579491788	0.00103792399165697	0.123447828751184
15660x5960	0.227497629501369	0.0231101793168952	0.0121941861689314	0.194846775335545	0.413889891878938	0.000280970814910985	0.128180366983411
16040x5960	0.225390949319345	0.025126565856964	0.00924826615937686	0.207088738038785	0.440124747457515	0.000102310210522269	0.0929184229574913
16420x5960	0.254591744378342	0.028693070571214	0.0073069010757335	0.211800090220827	0.419746411198661	2.58749470394314e-05	0.0778359076081829
16800x5960	0.303865102097705	0.0298574745266687	0.00667736570480027	0.182043162729066	0.398047822009225	3.57061014973871e-05	0.0794733668310378
17180x5960	0.290754811597468	0.0309149979647907	0.00492862915211879	0.169784482917158	0.426511211725836	3.66952994063499e-05	0.0770691713432219
17560x5960	0.26312745114016	0.0274730628157406	0.00774084591563958	0.177729836202777	0.43935344844448	5.0587292087139e-05	0.084524768189116
11480x6340	0.237823559571329	0.0210124548280375	0.00762037350278821	0.27930949052571	0.3647500666281	0.000210948249657128	0.0892731066943784
11860x6340	0.242444647323081	0.0241918495819155	0.00741882120724196	0.241839124097595	0.398587800955515	8.46453849016916e-05	0.0854331114497505
12240x6340	0.208707377496609	0.02466743332133	0.0114765493723213	0.251422280855769	0.408033057430018	7.66531586808668e-05	0.0956166483652712
12620x6340	0.201494269661339	0.0260413790875233	0.0103562492887571	0.243810358399651	0.41949128461488	9.67882146377824e-05	0.0987096707332122
13000x6340	0.206672729790854	0.0257011708244831	0.0104102559064486	0.249264330026044	0.404311667242716	0.00015057544080076	0.103489270768654
13380x6340	0.214551256677571	0.0271625253233761	0.0100681748857052	0.257730371747285	0.388211282774668	0.000193389289444767	0.102082999301951
13760x6340	0.20609597107914	0.0266806584044124	0.00930959679497535	0.258010699423372	0.402551104529089	0.000525379267434131	0.0968265905015776
14140x6340	0.220763422891225	0.0261422762003082	0.00964684412275224	0.227840836240921	0.42153661085341	0.0034661807834892	0.0906038289078939
14520x6340	0.225850613987158	0.0241733506136268	0.00941431209272405	0.197102370046063	0.448372370922409	0.00360357178881717	0.0914834105492017
14900x6340	0.195416606888801	0.0216956292197486	0.00875925132672953	0.172841201947663	0.498676993455463	0.00155980763519421	0.101050509526402
15280x6340	0.216177443230558	0.0238031308443326	0.0120131122285143	0.18101501647872	0.446094038259274	0.00124873925077545	0.119648519707825
15660x6340	0.243314805550807	0.022242805720437	0.0156519609102875	0.210707581513869	0.384427724932282	0.00107851327159703	0.12257660810072
16040x6340	0.237928124884571	0.0235223600549331	0.0116649654457868	0.239302397908747	0.396547763028657	0.000163195344661313	0.0908711933326442
16420x6340	0.24756529989861	0.0261363466906375	0.00723447267579728	0.234092530176186	0.40500876601352	3.70001524378125e-05	0.0799255843928124
16800x6340	0.292921871640392	0.0294886572569911	0.00750291250908155	0.218200701973357	0.379247968539423	5.45046644712722e-05	0.0725833834162836
17180x6340	0.267414428860641	0.0292274232744355	0.00685952925909314	0.196837361134304	0.413891282862268	6.38081635723267e-05	0.085706166445686
17560x6340	0.228401890810147	0.0268631431799338	0.008172937332968	0.213589380035762	0.424935352270448	5.48159003926001e-05	0.0979824804703482
17940x6340	0.244975500388037	0.0251632546239484	0.0143017584049463	0.212259144162361	0.390317640623458	6.34594199307935e-05	0.112919242377319
11100x6720	0.214657736878688	0.0244657723543817	0.0112528179320539	0.297827070936014	0.327134263629128	0.000330815575071273	0.124331522694664
11480x6720	0.228980998913777	0.0247134188637216	0.00728023892820861	0.262428870495396	0.373358763117999	0.00019629679866358	0.103041412882234
11860x6720	0.219289601672538	0.0249976490416572	0.00526674200575508	0.245347794880661	0.423025672944826	0.000148308721392411	0.0819242307331715
12240x6720	0.215058909018646	0.0253912123798646	0.0072638619785159	0.245412426907541	0.414960778534052	9.04026778435832e-05	0.0918224085035369
12620x6720	0.209950662138875	0.0253144497995925	0.00839517173721106	0.236684399806567	0.419002946827144	0.000183945714266184	0.100468423976344
13000x6720	0.217182642712313	0.026117228973041	0.00919617640535589	0.238869025613159	0.4122419762788	0.000257369431873349	0.0961355805854583
13380x6720	0.213848458929331	0.0266161519482342	0.0111155211080712	0.256134912587124	0.391835714450303	0.000302624926177094	0.10014661605076
13760x6720	0.203602533474486	0.0252613033415933	0.0116277909794408	0.264543436077084	0.387441455494148	0.00053865272778267	0.106984827905465
14140x6720	0.235576491092887	0.0295938732475552	0.0114103876635682	0.214473207500405	0.403228575170012	0.00336920003906441	0.102348265286508
14520x6720	0.254440388317674	0.030736121863167	0.010565808019691	0.198917349906773	0.393004472861862	0.00377896943315079	0.108556889597683
14900x6720	0.22260448573422	0.0258763738596409	0.00960385556662393	0.191736470887242	0.437802596515435	0.000702768353825923	0.111673449083012
15280x6720	0.229811073514182	0.0231220959914388	0.0117861062275551	0.183223649306952	0.424381506249101	0.000240154212899242	0.127435414497871
15660x6720	0.259385777567767	0.0226303470531768	0.0159026243834829	0.203622377240792	0.37406766629525	0.000164556449655742	0.124226651009874
16040x6720	0.26512072318251	0.0224298969566818	0.0125192761263323	0.220526059616169	0.385745569993584	5.76258048633797e-05	0.0936008483198593
16420x6720	0.263019592715647	0.0271150857501576	0.00831361482153379	0.230592512352048	0.394118819504437	3.8202690711321e-05	0.0768021721654643
16800x6720	0.287735698795966	0.0326366992979495	0.00814129556283605	0.240339812819741	0.367166591178547	5.94032566144131e-05	0.0639204990883452
17180x6720	0.232954416303999	0.0260124442220469	0.00520645249976518	0.262354137626751	0.408157111529667	5.20119381125618e-05	0.065263425879658
17560x6720	0.186224130357952	0.0199366844536734	0.00549393193280365	0.289395921558045	0.408218549019036	2.48446429674387e-05	0.090705938035523
17940x6720	0.216867619695228	0.0227294632163633	0.0106549634837029	0.263198650232722	0.370007443386367	2.94941246432677e-05	0.116512365860973
11100x7100	0.222570785797515	0.0246535079665146	0.0119079100080833	0.266153496348116	0.329374763435674	0.000304311289545347	0.145035225154553
11480x7100	0.194085237575225	0.0236044856658022	0.00827142668270316	0.25124987646714	0.390874344576724	0.000130757393252178	0.131783871639153
11860x7100	0.197336348685974	0.0253651462870744	0.0057859748954651	0.243479936243482	0.415590156728234	9.56464100188833e-05	0.112346790749751
12240x7100	0.2075866308421	0.027323374842041	0.00736143282412629	0.231216923558437	0.414240494893949	0.0001113885176256	0.112159754521721
12620x7100	0.207135746338921	0.0259877125066067	0.00950815492207537	0.233107268472947	0.404431829251722	0.000283374802724171	0.119545913705004
13000x7100	0.214684422333114	0.0274981454154084	0.0111361229352928	0.256714714886179	0.388862261691929	0.000240153682600573	0.100864179055475
13380x7100	0.212255749632208	0.0274707209462743	0.0150236829391402	0.263935190613776	0.378992461250085	0.000240969136944632	0.102081225481572
13760x7100	0.221627362477028	0.0266030203975739	0.0153138782505887	0.248641709372615	0.379206104206614	0.000256691069637341	0.108351234225943
14140x7100	0.254538310168828	0.029337428868945	0.011507433215826	0.212000514826791	0.389988620500686	0.000472068686295698	0.102155623732628
14520x7100	0.261498071092211	0.0324185742990654	0.0104311284820593	0.182633052709792	0.40703300591551	0.000558967788673467	0.105427199712689
14900x7100	0.230950364221824	0.0269473760541289	0.0127184093211088	0.185844264756401	0.419967655915221	0.000170290910619364	0.123401638820696
15280x7100	0.251043895145061	0.023590663434612	0.014921106664377	0.164438518635845	0.414026215633514	8.50801372470297e-05	0.131894520349344
15660x7100	0.254977799560322	0.023744425227496	0.0160279999729935	0.185094230327468	0.390589658636358	5.97189472584446e-05	0.129506167328104
16040x7100	0.268740058552569	0.0255773720254618	0.0106279601167048	0.20167819429584	0.393268591778883	4.34134636811821e-05	0.10006440976686
16420x7100	0.283973587328439	0.0273380366233005	0.00895682144388528	0.213190974465073	0.37919886922038	3.91148803436533e-05	0.0873025960385784
16800x7100	0.258698176322008	0.027894373771455	0.00759104556811841	0.253869736213301	0.379771355681687	3.65206873907873e-05	0.0721387917560391
17180x7100	0.164516721317033	0.0198245664275825	0.00440562796351715	0.315224953268434	0.441581911968385	2.72713758393157e-05	0.054418947679209
17560x7100	0.138830455188736	0.0145806677663059	0.00454788232961026	0.33354775183068	0.44260531927064	1.99835402638096e-05	0.0658679400737644
17940x7100	0.192901665750374	0.0197296258392502	0.00892490807205271	0.284971382559667	0.401215550444588	4.08540856690284e-05	0.0922160132483986
18320x7100	0.232997786055265	0.024076576786161	0.0098874716747387	0.267273084329704	0.368880928668456	7.09125178708197e-05	0.0968132399678053
10720x7480	0.212175352213577	0.0185119860066097	0.00981674482120052	0.293197463419906	0.350610784545885	0.000275837806811884	0.11541183118601
11100x7480	0.204288928542645	0.0198220698530434	0.0100334916843667	0.266997328420649	0.362888083409147	0.000276315889273394	0.135693782200876
11480x7480	0.199982386533176	0.0209331936561225	0.00640250069635047	0.252133236838702	0.385727136635642	0.000326938546927189	0.134494607093081
11860x7480	0.18944682293555	0.0221245309872599	0.00679242197879971	0.249706435958352	0.408999487516536	0.000338575679594616	0.122591724943908
12240x7480	0.194451278921377	0.0251926716532409	0.00887771803328281	0.248577552020891	0.392843091975346	0.00033334764227189	0.12972433975359
12620x7480	0.205956603738665	0.026437577416816	0.0107762509024372	0.243365909501298	0.374736791536552	0.000325498797923676	0.138401368106308
13000x7480	0.20824839933377	0.0266956890099036	0.0121383587175349	0.265315784246728	0.36559855493554	0.00030033701476117	0.121702876741762
13380x7480	0.202373307380823	0.0255230398508577	0.013065867769774	0.266143587955635	0.377287083320045	0.000184934047288395	0.115422179675578
13760x7480	0.234506532525935	0.0246323834895834	0.0127308640191666	0.239175876719116	0.373114659215041	0.000146874664193932	0.115692809366965
14140x7480	0.267507625765757	0.0265612093824009	0.010464694539434	0.194998731945486	0.400802483312859	0.00012967539404893	0.099535579660015
14520x7480	0.251763013619054	0.0255939982851173	0.0123193265250867	0.184092027354109	0.415581181546958	0.000123501774568295	0.110526950895107
14900x7480	0.239907262430232	0.0247034369289509	0.0143269113139661	0.188402178229628	0.420614673419679	7.61129156489814e-05	0.111969424761895
15280x7480	0.24174383063885	0.0239864222013505	0.0171142048142619	0.192568308526914	0.410124114052815	0.000114091220476267	0.114349028545333
15660x7480	0.272722311603482	0.0274027681508712	0.0152343404427368	0.189657500779525	0.396303373895693	0.000118544328023195	0.0985611607996692
16040x7480	0.295800827591077	0.029440274533098	0.00909390442452976	0.21029841247886	0.379290914488299	6.14939703811519e-05	0.0760141725137545
16420x7480	0.294624540360689	0.026689796506403	0.00794642357846692	0.218827958249431	0.367217510905473	5.30665191601497e-05	0.0846407038803774
16800x7480	0.271914997296223	0.0244219104721128	0.00844633794147365	0.228877069840447	0.376111188320092	7.92612222539929e-05	0.0901492349073969
17180x7480	0.151092495174722	0.0163068942117218	0.00444173204212397	0.318086437102458	0.454139852250927	4.59276024779242e-05	0.0558866616155697
17560x7480	0.117613454250566	0.0116705863066141	0.00552618893145399	0.355737287878945	0.464739737288183	3.57298594352951e-05	0.0446770154848031
17940x7480	0.178393555153088	0.0174706822192895	0.00682062763131034	0.304870941590777	0.439680908822572	9.82622373342119e-05	0.0526650223456285
18320x7480	0.245758613073485	0.0251833214340672	0.00924326774082905	0.251032312911194	0.395429292315194	0.000297984779119541	0.0730552077461108
10340x7860	0.185151467960302	0.0135922806565422	0.0106238816130297	0.359007750863609	0.333456114377251	0.000666635662497353	0.0975018688667681
10720x7860	0.151847934553285	0.0109946642255707	0.00738250185739398	0.365337179033017	0.372510468614559	0.000316909014039622	0.0916103427021346
11100x7860	0.1777657992223	0.0149493194367208	0.00727076104618939	0.316129543168843	0.350971808647152	0.00047705710717624	0.132435711371619
11480x7860	0.20339517555482	0.0176090412584414	0.00755811596983203	0.271502440842683	0.349940839753605	0.00181276913123884	0.14818161748938
11860x7860	0.196029800954002	0.017146633841095	0.00846222924180437	0.277599378080997	0.356320719793742	0.00183493349202943	0.142606304596331
12240x7860	0.185881417380825	0.0168755177104051	0.0108011514771138	0.269720451210916	0.381753833170698	0.00053985691472564	0.134427772135316
12620x7860	0.185615234773777	0.0195834383157016	0.00963155474443915	0.265955316808026	0.371474960111385	0.000154854335344616	0.147584640911327
13000x7860	0.203951986355224	0.0222312873668724	0.0106473052905692	0.269771422412627	0.342247706250071	9.48337807340034e-05	0.151055458543902
13380x7860	0.201634896597365	0.0229559186235806	0.00886347846305784	0.264550741270009	0.352100313780038	6.25673412898482e-05	0.14983208392466
13760x7860	0.228732547356476	0.0226950694467741	0.00947651198370024	0.237149810214318	0.359376354101556	4.75083706256496e-05	0.14252219852655
14140x7860	0.261909903380321	0.0236423260693749	0.0110260587176083	0.200029776696167	0.383927175751447	6.99893947242296e-05	0.119394769990358
14520x7860	0.277523649055773	0.0225822714789463	0.0101100381163086	0.180298285168116	0.401721709724023	6.89010047248939e-05	0.107695145452108
14900x7860	0.268383632956933	0.0246649792057256	0.00977698404593842	0.203159989124792	0.39924611653846	5.75885847145579e-05	0.094710709543436
15280x7860	0.277969447578989	0.0262178077864408	0.0123194634925597	0.201796506344403	0.386898621858877	0.000115445803572196	0.0946827071351586
15660x7860	0.308944260571678	0.0295473761847596	0.0120709807410086	0.206452313163689	0.363557180217259	0.000115454076184402	0.0793124350454212
16040x7860	0.301347210721204	0.032073590457048	0.0111049765859781	0.234434130719939	0.351654538515684	7.36045776028897e-05	0.0693119484225438
16420x7860	0.286726448259002	0.0256457706835617	0.011484863810102	0.252801188413715	0.349470159112017	0.000120663566707222	0.0737509061548944
16800x7860	0.259485270425469	0.0201306045493688	0.0103795754580599	0.239277078365641	0.377665237395302	0.000386164991932601	0.0926760688142263
17180x7860	0.216491291786448	0.0181808866445955	0.00700469515317585	0.268408497831537	0.410434015556965	9.03141053418224e-05	0.0793902989219365
17560x7860	0.218748144649522	0.0184545895659881	0.00739840218432819	0.293648651433811	0.404770628505812	5.58666642383711e-05	0.0569237169963001
17940x7860	0.247667210925772	0.0217665069777146	0.00599781056678488	0.272329468076787	0.40663372425704	0.000106841280149056	0.0454984379157531
18320x7860	0.252299253213071	0.0244660922377884	0.00721307399916508	0.253701733372829	0.393341500793783	0.000352983615414955	0.0686253627679483
18700x7860	0.239250364842175	0.0205109868421202	0.0125564144826178	0.306403036581178	0.326437941797618	0.000613015529613064	0.094228239924677
9580x8240	0.231373810542059	0.0240379812104705	0.0092748902840634	0.292443134029908	0.31728781123289	0.0349261856607385	0.0906561870398712
9960x8240	0.222991135937414	0.0211152559235762	0.0103601186188353	0.32785747144253	0.307453875418293	0.0252890716018598	0.0849330710574914
10340x8240	0.159337142068277	0.0135537724965795	0.00851086021034005	0.396854763037138	0.340325670072229	0.0028383183531601	0.0785794737622767
10720x8240	0.0861560760120577	0.00795768338957756	0.00403516416740685	0.424225411319247	0.416375450082465	0.000395803299656157	0.0608544117295891
11100x8240	0.0954178977687062	0.00673290399847292	0.00668610125501851	0.412149667599268	0.378780480180376	0.000320142806249609	0.0999128063919082
11480x8240	0.169394775329766	0.00993811363511147	0.0107812441830539	0.313926656673129	0.315084199900212	0.0017054495219886	0.179169560756739
11860x8240	0.192355706940331	0.010988000500399	0.0107019439737745	0.278373489896775	0.341036840960389	0.00179681213714638	0.164747205591185
12240x8240	0.167647333331152	0.0109679866409314	0.00971433256853247	0.247171233666785	0.404855728939558	0.000384275139899452	0.159259109713142
12620x8240	0.158240613094643	0.0130709323484574	0.00807890018538538	0.239163666195995	0.418905419346508	0.000113977011463339	0.162426491817549
13000x8240	0.191845846536144	0.018882342785568	0.0104484843253907	0.245725792902207	0.371457922575333	0.000138001128051574	0.161501609747305
13380x8240	0.207348889538926	0.0193463577050189	0.010635535201066	0.243768508816131	0.345389889140363	0.000155426810895571	0.173355392787599
13760x8240	0.22354748212664	0.020324130086619	0.0110812804398315	0.23054695485742	0.351127252647152	6.87837975621366e-05	0.163304116044775
14140x8240	0.236733368133256	0.0202239043100625	0.0116907303280332	0.212452108935982	0.37052147245369	5.61801907195204e-05	0.148322235648257
14520x8240	0.249688500142822	0.0220178536335427	0.00934412506511237	0.203226133454622	0.397088931998622	4.7490820533047e-05	0.118586964884746
14900x8240	0.261849498337741	0.0276868611214757	0.0086068471838355	0.201534562998526	0.393308136569818	7.81622345909069e-05	0.106935931554013
15280x8240	0.29948837488316	0.0323932934262038	0.00885411933923102	0.192790894374704	0.36224183485261	0.000174540895313184	0.104056942228778
15660x8240	0.296130072112521	0.0313533458727972	0.00902746258983197	0.210051630293924	0.355586963121995	0.000186380917729041	0.0976641450912028
16040x8240	0.280017567957465	0.0302279792653954	0.01018181147111	0.236406150994236	0.348249805105892	9.74407793800858e-05	0.094819244426521
16420x8240	0.253596220202537	0.0251272267696541	0.0128404902907508	0.259720007218152	0.353669008474393	0.000352889078792892	0.0946941579657203
16800x8240	0.225820057523694	0.0211075307196981	0.0093553888568407	0.254499546456183	0.393824657395289	0.000396469550127117	0.094996349498169
17180x8240	0.221775206627342	0.021902953949601	0.00730597144036238	0.247797760716474	0.409659919032622	8.26935050050406e-05	0.0914754947285933
17560x8240	0.240938763794144	0.0212084547965784	0.00757937519121847	0.274360464598795	0.390942254380089	4.35658632589423e-05	0.0649271213759152
17940x8240	0.24816428096426	0.0222027835238444	0.00609398035501402	0.270197185699957	0.4012275550473	4.38098171363254e-05	0.052070404592488
18320x8240	0.227653053946116	0.0217338904052099	0.00579082037925247	0.278742749887048	0.405649661326064	8.67985817576308e-05	0.0603430254745518
18700x8240	0.18067208195105	0.016039531067427	0.0097052755442872	0.356478533571157	0.353925664632218	0.000292777266769691	0.0828861359670909
19080x8240	0.146449937711252	0.0116489898664823	0.010165834711544	0.415735941977469	0.327277617396712	0.000359957735643449	0.0883617206008968
9200x8620	0.216487893241859	0.0232090012377247	0.010788379338772	0.25552847234836	0.353740973392686	0.0290304808502249	0.111214799590374
9580x8620	0.220097687768943	0.0230942125209659	0.0107388542979251	0.283557498066813	0.338401002276823	0.0297752949243418	0.0943354501441878
9960x8620	0.156047716807352	0.0177471066456894	0.00734962968134085	0.390163141042226	0.354565687624626	0.00583509672306054	0.0682916214757049
10340x8620	0.0709817049472512	0.00878467114482	0.00543451829988223	0.469604251824912	0.392742060003283	0.000931276502819342	0.0515215172770322
10720x8620	0.0309912403857056	0.00403879258331663	0.00213556549829329	0.498532459510349	0.437319096567702	0.000246910883243817	0.0267359345713892
11100x8620	0.0877274737423031	0.00707850236475686	0.00675447799723523	0.426883533497497	0.374578816936301	0.000321080278874747	0.0966561151830315
11480x8620	0.168075832897643	0.0115633318667087	0.00977979724043139	0.318236697301166	0.323091457678118	0.000396767653911925	0.168856115362021
11860x8620	0.178717747182828	0.0119148269742983	0.0101094540280284	0.26467537332561	0.340372373801625	0.000350944940729202	0.193859279746881
12240x8620	0.156509705084595	0.0101388611395158	0.0101941791790754	0.233107209400729	0.393824943213852	0.000156365421146961	0.196068736561086
12620x8620	0.144988845574923	0.0117475039145229	0.00887268373222445	0.234263659743755	0.408675899954529	0.000124929195953159	0.191326477884093
13000x8620	0.174151838851372	0.0154771872157582	0.0105049474843138	0.222643961972134	0.402140111097058	0.000182062046735472	0.174899891332628
13380x8620	0.195026506045162	0.0177710243889455	0.0131512629339645	0.224090592189562	0.36929950231743	0.00019297258283066	0.180468139542105
13760x8620	0.220898792144717	0.019292679106728	0.0131529397638635	0.225418702417944	0.334953869700602	0.000103852255127319	0.186179164611018
14140x8620	0.228709358673219	0.0224605874715751	0.0117431164918966	0.211899127621527	0.366705310171445	6.07232563324e-05	0.158421776314005
14520x8620	0.22973602800813	0.0236146128882164	0.00859997662999537	0.201884452174076	0.400079280259765	2.97823462002307e-05	0.136055867693616
14900x8620	0.24432961510047	0.0288552713897392	0.00715590499032887	0.209146208857067	0.390790288646853	4.16369731204809e-05	0.119681074042421
15280x8620	0.279421726885256	0.0335992430823415	0.00757775806791268	0.20067829810315	0.363246648034083	0.000147788329551994	0.115328537497704
15660x8620	0.282699876202904	0.033033601748271	0.00959717708015044	0.2220280611647	0.339517976685183	0.000207171624567792	0.112916135494225
16040x8620	0.265455011747048	0.0314627015499521	0.0134229468568504	0.23459236593651	0.318560677241475	0.000138362916140373	0.136367933752024
16420x8620	0.240643787912189	0.028817414015671	0.0129850254162539	0.231591976324305	0.349172084287388	0.000137255807001805	0.136652456237191
16800x8620	0.197097623705083	0.0238792371653141	0.00940921669017582	0.263059955637837	0.394639315500119	0.000420493873676112	0.111494157427795
17180x8620	0.188980637890475	0.021560316801024	0.00514539103894194	0.27862231740252	0.41092129213697	9.95620144070897e-05	0.0946704827156618
17560x8620	0.226033633383104	0.0222800762087021	0.00584947550360872	0.263222785774121	0.409580528925492	3.89318938919718e-05	0.0729945683110797
17940x8620	0.224745667522866	0.0226213543187378	0.00560606691713815	0.279518161850039	0.415161945805498	3.68989861404149e-05	0.0523099045995798
18320x8620	0.199373589828114	0.0216854794955291	0.00553572612280616	0.310148978346012	0.412503065189057	5.30123357673998e-05	0.0507001486827147
18700x8620	0.13976393403172	0.013717106820131	0.00603682124265229	0.414143399395002	0.373777249590182	9.55232953573124e-05	0.0524659656249546
19080x8620	0.0985208806414642	0.0103433315421993	0.00545763259541253	0.465240512169953	0.366725810332181	9.83871610661348e-05	0.0536134455577235
19460x8620	0.122432835970196	0.011016646389406	0.00409915842923669	0.435389208975466	0.377475747841273	6.04964910749205e-05	0.0495259059033477
6160x9000	0.311416470955153	0.0262456264252004	0.0132311980356568	0.197583828512225	0.339456919730825	0.00335597824598198	0.108709978094957
6540x9000	0.310977382868549	0.027056275156709	0.0124465305861096	0.201534546435097	0.349291909291146	0.00336146661471707	0.0953318890476717
6920x9000	0.294494098240835	0.0287910889209162	0.0111320260478517	0.217672494398893	0.373921657570503	0.00280325191322704	0.0711853829077742
7300x9000	0.249705683485663	0.0274962338571374	0.0116506179109088	0.244360119592834	0.393868859266993	0.00048113648614794	0.0724373494003162
7680x9000	0.204353447130418	0.0239095053549124	0.00911911960944827	0.275762562412196	0.416959149211347	0.000122921979105649	0.0697732943025725
8060x9000	0.22954120968268	0.0210675567191467	0.00770481448785977	0.27324969383617	0.396999830850531	8.94038531135842e-05	0.0713474905704993
8440x9000	0.26839978147772	0.0254855892403273	0.00776083217973253	0.233593429450132	0.385779527494095	0.000320275715528897	0.0786605644424644
8820x9000	0.260013261177524	0.0314442451615319	0.012289585881888	0.236083210956366	0.371607446582446	0.00142357111988439	0.0871386791203599
9200x9000	0.242720535792768	0.0286320741336849	0.0105751014352332	0.247554952249105	0.373034829272159	0.00431720353532303	0.0931653035817269
9580x9000	0.211116117883792	0.0247554053222287	0.0076492277849748	0.292083551193481	0.389047164600892	0.00356950857142141	0.07177902464321
9960x9000	0.150624248066732	0.02000788611314	0.00452272494409779	0.373350621979957	0.397800675544223	0.000994778659052334	0.0526990646927974
10340x9000	0.0773390878539644	0.0125897208393169	0.00324261387262374	0.441511075349138	0.422602251103537	0.000323955817972642	0.0423912951634471
10720x9000	0.0770490479350763	0.0104485402788627	0.0040113785001439	0.411055407732836	0.440265659332485	0.000698198130648551	0.0564717680899486
11100x9000	0.141009871718823	0.0128237225952444	0.00579041660153318	0.349964844903774	0.379508953711825	0.000321015782913043	0.110581174685888
11480x9000	0.197034284638137	0.0147559941888318	0.00724656557925749	0.290395979360374	0.337533181633128	0.00024492645517398	0.152789068145097
11860x9000	0.182232813842797	0.0147680506790065	0.0104700698015833	0.260864215160084	0.329011954978198	0.000186388276771309	0.20246650726156
12240x9000	0.147116100755558	0.0115279645705945	0.0121890119834156	0.241707201252512	0.344905647269073	0.000143374969745503	0.242410699199102
12620x9000	0.148090273773272	0.0118963634266587	0.0132051377152912	0.239302684762399	0.352611997332189	0.000371335613303029	0.234522207376887
13000x9000	0.168444047801439	0.0157677643493128	0.0120437174176452	0.217228367969601	0.379696834223127	0.000333247757169852	0.206486020481705
13380x9000	0.158007272459503	0.0145160582057069	0.0103458711198105	0.224916252053114	0.418199301297301	0.00014501390117989	0.173870230963384
13760x9000	0.171892379294828	0.01533556094685	0.0107459293470452	0.239574294385001	0.397720053364301	0.000105067445944545	0.164626715216031
14140x9000	0.203466115493239	0.0182557868916171	0.01000528780943	0.225452205541193	0.388417119165956	7.43767172832922e-05	0.154329108381281
14520x9000	0.222161407162626	0.02207399273814	0.00815036043085961	0.21810175492432	0.389078613985032	3.73141485400199e-05	0.140396556610482
14900x9000	0.236550637987453	0.0290756214879304	0.00778300623071251	0.228748697493956	0.381300907969845	4.16621586207491e-05	0.116499466671482
15280x9000	0.26719909380258	0.0282119043550347	0.00997152483872908	0.226127558009749	0.375698264256585	6.45830054914588e-05	0.0927270717318306
15660x9000	0.273330928175941	0.0289969264506869	0.0132714661649304	0.221941661546732	0.35991753450454	0.000100432799157518	0.102441050358012
16040x9000	0.278046627271678	0.0308146171764447	0.0160490077156305	0.207871183500038	0.3404068282665	9.52800074086856e-05	0.1267164560623
16420x9000	0.252820177034841	0.0291944090526988	0.0130909781285595	0.203891512724931	0.366329165484045	0.000123921172857606	0.134549836402068
16800x9000	0.222984623090644	0.02905451679154	0.00948259805977478	0.238521323509128	0.384091658689798	0.000426070337776929	0.115439209521338
17180x9000	0.207375905379225	0.0272978265598218	0.00725049506175515	0.266874280928694	0.383918223471724	0.00041099855257642	0.106872270046204
17560x9000	0.234395643114304	0.0270722708958179	0.0064955257788993	0.248976863466544	0.402019225168359	9.83745743908845e-05	0.0809420970016847
17940x9000	0.236919999851215	0.0283972134577307	0.0073731203189082	0.25782991766552	0.403676140865024	0.00010875144777013	0.0656948563938321
18320x9000	0.196923611056669	0.0211153524304188	0.00720282518856018	0.333717239798522	0.382599431415126	0.000120702766810742	0.0583208373438942
